DataSet: sonar

Machine Learning Algorithm Chosen: SVM

Accuracy of Training (Scratch): 88.1%

Accuracy of ScikitLearn Function: 83.33%

Prediction Point: [0.0305 0.0363 0.0214 0.0227 0.0456 0.0665 0.0939 0.0972 0.2535 0.3127
 0.2192 0.2621 0.2419 0.2179 0.1159 0.1237 0.0886 0.1755 0.1758 0.154
 0.0512 0.1805 0.4039 0.5697 0.6577 0.7474 0.8543 0.9085 0.8668 0.8892
 0.9065 0.8522 0.7204 0.62   0.6253 0.6848 0.7337 0.6281 0.5725 0.6119
 0.5597 0.4965 0.5027 0.5772 0.5907 0.4803 0.3877 0.2779 0.1427 0.0424
 0.0271 0.02   0.007  0.007  0.0086 0.0089 0.0074 0.0042 0.0055 0.0021]

Predicted Class: 1

Actual Class: 1

